582 364
168 472
168 912
2 790
2 322
2 790
42 402
870 337
663 362
663 410
565 550
987 433
663 343
581 135
581 942
978 207
978 35
978 424
978 552
978 141
978 167
978 817
978 954
978 469
978 614
978 188
978 301
978 851
978 547
978 795
978 421
978 988
569 749
174 534
844 684
31 165
429 401
569 862
418 969
294 313
294 416
294 256
294 885
294 648
921 1001
159 356
700 184
159 912
947 774
703 771
947 774
749 569
713 291
34 135
291 713
955 540
291 713
67 344
67 165
544 8
544 143
544 143
443 742
443 703
343 159
569 862
772 609
942 135
772 454
135 34
569 749
569 482
569 951
569 415
772 951
674 112
695 187
936 581
569 599
569 605
569 293
569 749
569 482
569 862
569 415
112 267
112 674
933 171
933 590
933 577
933 686
933 966
541 199
541 199
862 569
772 75
772 609
772 454
695 692
159 214
568 379
568 488
568 198
568 947
568 495
428 915
629 24
58 909
344 373
987 872
772 120
772 75
772 609
772 454
772 951
643 685
410 663
277 715
362 111
292 201
292 718
292 502
435 500
207 795
207 469
942 135
433 32
256 885
256 294
256 313
680 790
629 159
561 631
765 133
942 581
48 956
638 53
572 862
572 32
253 191
112 674
253 191
105 220
609 772
440 537
657 541
429 454
274 851
278 940
940 278
833 185
663 362
192 532
48 565
62 646
912 168
912 472
32 433
663 410
978 35
978 167
978 469
90 223
454 134
454 401
454 429
454 291
454 291
454 429
454 134
454 401
159 214
34 997
34 997
704 48
344 373
280 890
249 716
685 643
530 891
530 629
207 953
609 772
685 541
685 724
685 1001
988 267
742 443
720 135
743 859
275 849
275 175
643 381
135 942
107 201
174 534
14 828
718 61
14 381
568 947
