360 24
360 631
360 526
629 530
731 680
493 360
416 648
698 764
698 873
698 245
698 840
698 540
698 231
335 688
335 808
335 381
335 643
335 175
335 201
335 980
335 228
335 1004
335 670
335 236
335 664
335 532
335 468
335 5
335 118
335 553
335 737
335 464
335 810
335 537
335 208
335 29
335 985
1004 189
926 308
926 748
695 362
915 185
592 927
53 776
900 272
915 428
31 658
77 260
356 765
174 510
356 765
530 629
788 740
951 502
700 2
90 233
915 647
977 541
444 535
356 765
90 660
723 41
771 65
743 859
915 718
250 332
306 660
159 214
65 771
444 535
159 433
534 388
534 84
332 250
809 159
250 332
948 859
948 191
948 165
948 629
948 416
948 120
948 126
948 592
948 65
948 927
948 75
290 159
674 517
940 159
462 334
462 591
462 692
462 449
462 535
462 687
462 189
462 586
462 223
462 923
915 647
915 428
915 200
915 857
191 415
191 948
159 214
332 250
200 915
35 851
75 948
940 633
771 65
280 530
280 920
280 851
280 915
103 303
103 514
103 950
418 308
233 450
233 692
511 338
418 996
942 135
948 459
948 392
948 674
948 267
948 803
948 112
643 685
936 942
24 530
360 493
388 84
388 534
535 444
306 523
530 24
175 275
950 103
535 462
948 165
948 859
948 191
948 126
948 592
948 927
948 416
260 77
207 847
260 77
369 535
891 631
926 157
951 976
951 569
660 306
707 880
592 134
90 428
77 260
294 586
107 464
294 885
84 343
885 416
356 765
90 200
159 940
64 534
103 514
416 762
159 731
410 595
891 629
685 724
2 231
443 662
168 912
335 236
335 670
335 1004
335 980
335 381
335 175
335 643
335 688
335 808
335 201
335 664
335 228
335 468
335 29
335 208
335 537
335 810
335 464
