308 418
713 566
692 233
765 859
765 743
830 769
568 660
335 532
947 774
575 168
575 260
575 77
575 439
569 228
569 605
569 599
569 0
569 976
569 409
569 6
569 295
569 693
569 249
569 710
569 333
569 991
569 538
569 862
569 470
942 135
765 743
1001 685
854 542
569 228
569 605
569 599
569 0
569 976
569 409
569 6
569 295
569 249
569 693
569 502
569 710
569 333
569 991
569 538
569 862
569 470
586 294
629 65
569 862
692 769
765 762
65 629
256 885
256 294
256 313
256 416
188 569
188 141
188 421
256 416
188 421
188 141
188 569
159 912
185 106
165 31
569 862
569 862
5 107
267 988
912 159
185 231
321 565
912 168
291 268
291 401
291 429
171 933
540 364
540 987
540 836
540 56
540 95
540 361
540 433
540 68
540 245
540 994
540 511
540 231
540 796
540 789
540 338
858 700
577 933
72 581
72 135
1004 977
927 854
927 823
927 722
927 535
927 113
927 250
927 485
927 513
927 535
927 722
927 444
927 369
927 823
927 542
927 854
927 551
927 646
927 770
136 629
309 1
311 540
362 369
692 159
692 334
362 547
933 577
309 1
942 135
362 854
541 173
207 493
859 948
530 493
629 530
977 1004
530 493
67 963
67 207
530 629
859 743
290 765
334 65
334 671
334 687
245 540
61 393
1004 977
987 789
530 629
61 712
61 991
912 168
309 1
343 663
343 663
855 34
855 697
67 656
629 891
493 530
912 168
103 950
103 514
103 303
692 624
499 844
718 904
332 318
718 904
718 904
718 904
977 1004
718 904
742 687
743 859
718 904
718 904
684 844
684 321
684 704
684 679
684 918
684 565
684 48
684 318
718 904
718 904
718 904
101 597
718 904
185 915
62 159
344 373
718 980
469 207
787 214
185 762
1004 189
