159 912
193 923
159 214
185 236
159 214
912 168
90 851
90 978
166 602
166 586
712 61
771 137
189 1004
65 334
134 592
134 291
134 454
663 343
912 159
189 114
189 201
189 718
189 1004
189 236
189 365
189 410
189 470
189 595
189 249
189 716
189 904
189 652
189 6
84 343
290 56
718 732
769 692
738 783
61 712
280 629
568 947
137 771
769 692
137 443
540 311
540 925
540 955
523 374
868 765
220 159
220 334
334 687
189 410
771 137
159 935
383 311
392 517
862 569
159 912
517 392
803 517
948 629
948 191
948 927
948 890
948 120
631 629
936 942
159 214
103 514
582 364
517 803
624 692
948 927
948 65
948 592
948 416
948 859
948 165
948 859
948 126
948 416
948 592
948 65
948 927
663 84
4 159
343 663
868 168
256 885
256 294
256 313
103 514
535 854
535 369
535 722
535 250
535 444
966 933
859 565
790 2
790 2
987 28
987 338
987 433
987 361
987 531
987 95
987 588
987 56
987 955
987 764
987 641
987 68
987 245
987 251
987 582
987 873
987 432
987 197
987 364
987 849
987 840
987 789
987 540
987 311
987 872
987 994
987 511
987 809
987 482
987 231
868 168
859 743
136 857
167 159
535 124
912 159
927 250
927 722
249 693
249 32
249 433
540 245
291 268
702 644
927 250
927 854
927 722
290 159
758 844
159 214
511 849
231 738
644 702
966 933
966 347
966 935
220 749
220 75
220 65
220 334
337 505
135 720
135 82
135 870
135 581
135 4
135 371
135 628
135 72
596 450
700 858
159 214
702 644
231 2
790 2
854 535
135 942
644 702
433 159
955 540
955 773
955 311
955 427
955 925
955 987
854 535
638 622
771 4
48 684
316 915
41 723
360 658
360 493
360 530
360 160
360 561
360 629
360 280
